label:dendA5_01111111111111.v( 0.015 )
1094
0	-70
0.000113007	-70.0001
0.000307307	-70.0003
0.000688031	-70.0006
0.0013107	-70.0012
0.00193337	-70.0018
0.00308353	-70.0028
0.00423368	-70.0038
0.00616049	-70.0056
0.0080873	-70.0073
0.0112458	-70.0102
0.0160229	-70.0145
0.0208	-70.0187
0.0333201	-70.0298
0.0458403	-70.0407
0.0583605	-70.0516
0.0708807	-70.0624
0.0917305	-70.0801
0.11258	-70.0977
0.144497	-70.1242
0.176413	-70.1503
0.20833	-70.1761
0.261601	-70.2183
0.314873	-70.2595
0.368144	-70.2999
0.460316	-70.3677
0.609017	-70.4719
0.757717	-70.5704
0.906418	-70.6641
1.05512	-70.7532
1.20382	-70.8383
1.35252	-70.9197
1.50122	-70.9977
1.64992	-71.0726
1.79862	-71.1446
1.90116	-71.1927
2.0037	-71.2395
2.10624	-71.2851
2.20877	-71.3296
2.31131	-71.373
2.41385	-71.4154
2.51639	-71.4567
2.61892	-71.497
2.72146	-71.5364
2.824	-71.5749
2.92653	-71.6125
3.02907	-71.6492
3.13161	-71.6851
3.23415	-71.7202
3.33668	-71.7546
3.43922	-71.7881
3.54176	-71.821
3.6443	-71.8531
3.74683	-71.8846
3.84937	-71.9153
3.95191	-71.9455
4.05445	-71.975
4.15698	-72.0038
4.32431	-72.0497
4.49163	-72.094
4.65895	-72.1369
4.82627	-72.1784
5.10507	-72.2446
5.38387	-72.3074
5.96768	-72.4289
6.55148	-72.5381
7.13529	-72.6362
8.02282	-72.7673
8.91035	-72.8794
10.2428	-73.0182
11.5753	-73.1294
12.9077	-73.2194
14.2402	-73.2925
15.5726	-73.3518
16.9051	-73.4003
18.2375	-73.4399
19.57	-73.472
20.9024	-73.4984
22.2349	-73.5199
23.5673	-73.5376
24.8998	-73.552
26.2322	-73.5637
27.5647	-73.5733
28.8971	-73.5812
30.2296	-73.5877
31.562	-73.5931
32.8945	-73.5975
34.227	-73.6011
35.5594	-73.6039
36.8919	-73.6062
38.2243	-73.6082
39.5568	-73.6098
40.8892	-73.6112
42.2217	-73.6123
43.5541	-73.6132
44.8866	-73.6139
46.219	-73.6144
47.5515	-73.6149
48.8839	-73.6153
50.2164	-73.6157
51.5488	-73.616
52.8813	-73.6162
54.2137	-73.6163
55.5462	-73.6164
56.8787	-73.6165
58.2111	-73.6167
59.5436	-73.6168
60.876	-73.6169
62.2085	-73.617
63.5409	-73.617
64.8734	-73.617
66.2058	-73.617
67.5383	-73.617
68.8707	-73.617
70.2032	-73.617
71.5356	-73.617
72.8681	-73.617
74.2005	-73.617
75.533	-73.6171
76.8654	-73.6172
78.1979	-73.6172
79.5303	-73.6171
80.8628	-73.6171
82.1953	-73.6171
83.5277	-73.6171
84.8602	-73.6171
86.1926	-73.6172
87.5251	-73.6172
88.8575	-73.6172
90.19	-73.6171
91.5224	-73.6171
92.8549	-73.6171
94.1873	-73.6172
95.5198	-73.6172
96.8522	-73.6172
98.1847	-73.6172
99.5171	-73.6171
100	-73.6171
100.4	-73.617
100.8	-73.617
100.85	-73.617
101	-73.617
101	-73.617
101.001	-73.6023
101.002	-73.5795
101.004	-73.5245
101.006	-73.4573
101.011	-73.2637
101.016	-73.0316
101.021	-72.7725
101.029	-72.3251
101.037	-71.8478
101.05	-71.0356
101.062	-70.2168
101.075	-69.4128
101.088	-68.6354
101.101	-67.8907
101.113	-67.1822
101.134	-66.0978
101.155	-65.1154
101.191	-63.6458
101.2	-63.3388
101.228	-62.4197
101.264	-61.4136
101.3	-60.5908
101.337	-59.9092
101.373	-59.3376
101.4	-58.9682
101.4	-58.9682
101.402	-58.93
101.403	-58.8824
101.406	-58.7864
101.408	-58.6786
101.415	-58.396
101.421	-58.0813
101.427	-57.7472
101.437	-57.2188
101.446	-56.6817
101.462	-55.8139
101.477	-54.9851
101.493	-54.2091
101.509	-53.4909
101.524	-52.831
101.54	-52.2278
101.565	-51.3623
101.59	-50.6239
101.6	-50.3705
101.631	-49.6662
101.672	-48.9317
101.713	-48.3829
101.753	-47.9798
101.794	-47.6785
101.8	-47.6417
101.8	-47.6417
101.802	-47.6097
101.804	-47.5682
101.807	-47.4838
101.81	-47.3885
101.818	-47.1389
101.825	-46.863
101.833	-46.5742
101.84	-46.2806
101.848	-45.9878
101.861	-45.5041
101.874	-45.0419
101.895	-44.3477
101.915	-43.7376
101.936	-43.2092
101.957	-42.7568
101.978	-42.3712
101.999	-42.0429
102	-42.0308
102	-42.0308
102	-42.0308
102.005	-41.964
102.013	-41.855
102.028	-41.6783
102.042	-41.5208
102.056	-41.3791
102.088	-41.1127
102.12	-40.8962
102.152	-40.7288
102.183	-40.5941
102.2	-40.5346
102.2	-40.5346
102.202	-40.5076
102.204	-40.4718
102.208	-40.3978
102.211	-40.3142
102.22	-40.0923
102.228	-39.8485
102.237	-39.5961
102.245	-39.3421
102.254	-39.0914
102.268	-38.6844
102.283	-38.3005
102.307	-37.7183
102.331	-37.2138
102.355	-36.7776
102.379	-36.4032
102.4	-36.1218
102.4	-36.1218
102.4	-36.1218
102.404	-36.0742
102.414	-35.9604
102.423	-35.85
102.433	-35.7464
102.452	-35.5555
102.472	-35.3792
102.506	-35.1119
102.557	-34.7847
102.6	-34.5855
102.6	-34.5855
102.603	-34.5492
102.605	-34.5042
102.61	-34.4149
102.614	-34.317
102.625	-34.0732
102.635	-33.8152
102.646	-33.5564
102.656	-33.3017
102.667	-33.0554
102.685	-32.658
102.703	-32.2912
102.732	-31.7539
102.762	-31.2985
102.792	-30.9113
102.8	-30.8146
102.8	-30.8146
102.802	-30.7895
102.808	-30.7271
102.821	-30.6003
102.834	-30.4788
102.847	-30.3697
102.86	-30.2709
102.891	-30.0762
102.921	-29.9225
102.952	-29.8237
102.983	-29.7724
103	-29.7637
103	-29.7637
103.002	-29.7473
103.005	-29.7238
103.009	-29.6737
103.013	-29.6173
103.024	-29.4558
103.035	-29.285
103.045	-29.1177
103.056	-28.958
103.067	-28.8093
103.086	-28.5736
103.106	-28.3765
103.138	-28.1336
103.171	-27.9881
103.2	-27.9356
103.2	-27.9356
103.202	-27.936
103.207	-27.9359
103.218	-27.943
103.229	-27.9548
103.247	-27.9902
103.266	-28.0495
103.285	-28.1298
103.32	-28.334
103.356	-28.5972
103.4	-28.9971
103.4	-28.9971
103.403	-29.0012
103.406	-28.9974
103.411	-28.9824
103.416	-28.9614
103.428	-28.897
103.44	-28.8279
103.452	-28.7635
103.465	-28.7092
103.477	-28.6672
103.497	-28.6282
103.517	-28.621
103.537	-28.6431
103.569	-28.7356
103.6	-28.8629
103.6	-28.8629
103.605	-28.8879
103.616	-28.9538
103.628	-29.023
103.639	-29.0976
103.668	-29.302
103.697	-29.5225
103.726	-29.7586
103.777	-30.1905
103.828	-30.6447
103.878	-31.084
103.929	-31.5158
103.98	-31.9228
104	-32.075
104	-32.075
104.002	-32.089
104.01	-32.1475
104.025	-32.2576
104.04	-32.3663
104.072	-32.5857
104.105	-32.7956
104.137	-32.9936
104.169	-33.1808
104.201	-33.3583
104.233	-33.5269
104.265	-33.6879
104.297	-33.8416
104.313	-33.9145
104.329	-33.986
104.345	-34.0561
104.36	-34.1252
104.376	-34.1931
104.384	-34.2267
104.392	-34.26
104.4	-34.2932
104.4	-34.2937
104.4	-34.2937
104.401	-34.296
104.402	-34.3013
104.403	-34.3065
104.404	-34.3118
104.408	-34.3254
104.411	-34.3391
104.414	-34.3527
104.419	-34.3735
104.424	-34.3943
104.429	-34.4151
104.434	-34.4357
104.439	-34.4563
104.444	-34.4768
104.447	-34.4887
104.45	-34.5005
104.453	-34.5124
104.455	-34.5193
104.457	-34.5263
104.458	-34.5333
104.46	-34.5402
104.462	-34.5472
104.463	-34.551
104.464	-34.5549
104.465	-34.5588
104.466	-34.5627
104.467	-34.5665
104.468	-34.5704
104.468	-34.5725
104.469	-34.5745
104.469	-34.5766
104.47	-34.5786
104.47	-34.5807
104.471	-34.5838
104.472	-34.587
104.472	-34.5902
104.473	-34.5933
104.474	-34.5965
104.475	-34.5996
104.476	-34.6045
104.477	-34.6094
104.478	-34.6143
104.48	-34.6191
104.481	-34.624
104.483	-34.6317
104.485	-34.6393
104.487	-34.647
104.489	-34.6546
104.491	-34.6623
104.492	-34.6699
104.494	-34.6747
104.495	-34.6794
104.496	-34.6827
104.496	-34.6859
104.497	-34.6892
104.498	-34.6924
104.499	-34.6957
104.5	-34.6989
104.501	-34.7021
104.501	-34.7054
104.502	-34.7086
104.503	-34.7118
104.504	-34.7151
104.505	-34.7183
104.506	-34.7215
104.506	-34.7248
104.507	-34.728
104.508	-34.7333
104.51	-34.7386
104.511	-34.7439
104.513	-34.7492
104.515	-34.7584
104.517	-34.7676
104.52	-34.7768
104.522	-34.786
104.524	-34.7952
104.528	-34.8099
104.532	-34.8247
104.536	-34.8394
104.539	-34.8541
104.543	-34.8688
104.547	-34.8834
104.551	-34.8981
104.554	-34.9127
104.558	-34.9273
104.561	-34.9365
104.563	-34.9456
104.565	-34.9548
104.568	-34.964
104.57	-34.9731
104.572	-34.9822
104.575	-34.9914
104.577	-35.0005
104.579	-35.0096
104.583	-35.0244
104.587	-35.0392
104.591	-35.0539
104.595	-35.0686
104.599	-35.0833
104.604	-35.1055
104.61	-35.1276
104.616	-35.1497
104.622	-35.1718
104.63	-35.2049
104.645	-35.2578
104.659	-35.3103
104.668	-35.3465
104.678	-35.3824
104.688	-35.4178
104.698	-35.4527
104.708	-35.4871
104.717	-35.5209
104.727	-35.554
104.737	-35.5866
104.747	-35.6185
104.757	-35.6497
104.767	-35.6802
104.776	-35.7101
104.786	-35.7392
104.805	-35.792
104.823	-35.8425
104.841	-35.8905
104.86	-35.9363
104.878	-35.9798
104.897	-36.021
104.907	-36.0442
104.918	-36.0665
104.929	-36.0879
104.94	-36.1085
104.951	-36.1281
104.962	-36.1468
104.968	-36.1578
104.975	-36.1683
104.982	-36.1784
104.988	-36.1879
104.995	-36.1969
105.002	-36.2052
105.009	-36.2129
105.015	-36.2198
105.022	-36.2258
105.029	-36.2309
105.036	-36.235
105.042	-36.2379
105.049	-36.2395
105.056	-36.2396
105.062	-36.2381
105.069	-36.2348
105.076	-36.2294
105.083	-36.2217
105.089	-36.2116
105.096	-36.1988
105.103	-36.183
105.11	-36.164
105.116	-36.1415
105.123	-36.1154
105.13	-36.0854
105.136	-36.0513
105.143	-36.013
105.15	-35.9701
105.157	-35.9225
105.163	-35.8701
105.17	-35.8127
105.177	-35.7501
105.184	-35.6822
105.19	-35.6088
105.197	-35.5298
105.204	-35.4451
105.211	-35.3544
105.217	-35.2577
105.224	-35.1547
105.231	-35.0454
105.237	-34.9294
105.244	-34.8068
105.251	-34.6772
105.258	-34.5405
105.264	-34.3965
105.271	-34.2449
105.278	-34.0857
105.285	-33.9186
105.291	-33.7434
105.298	-33.5599
105.305	-33.3679
105.311	-33.1673
105.318	-32.9578
105.325	-32.7394
105.332	-32.512
105.338	-32.2754
105.345	-32.0298
105.352	-31.7752
105.359	-31.5117
105.365	-31.2397
105.372	-30.9597
105.379	-30.6721
105.385	-30.3777
105.392	-30.0775
105.399	-29.7725
105.406	-29.464
105.412	-29.1535
105.419	-28.8425
105.426	-28.5329
105.433	-28.2265
105.439	-27.9253
105.446	-27.6313
105.453	-27.3465
105.46	-27.0729
105.466	-26.8124
105.473	-26.5668
105.48	-26.3378
105.486	-26.1269
105.493	-25.9353
105.5	-25.7641
105.507	-25.6142
105.513	-25.4861
105.52	-25.3802
105.527	-25.2968
105.534	-25.2358
105.54	-25.1968
105.547	-25.1797
105.554	-25.1837
105.56	-25.2083
105.567	-25.2526
105.574	-25.3158
105.581	-25.397
105.587	-25.4952
105.594	-25.6094
105.601	-25.7386
105.608	-25.8818
105.614	-26.038
105.621	-26.2063
105.628	-26.3855
105.634	-26.5749
105.641	-26.7734
105.648	-26.9802
105.655	-27.1946
105.661	-27.4156
105.668	-27.6427
105.675	-27.875
105.682	-28.112
105.688	-28.3531
105.695	-28.5978
105.702	-28.8455
105.708	-29.0958
105.715	-29.3482
105.722	-29.6024
105.729	-29.8581
105.735	-30.1148
105.742	-30.3723
105.749	-30.6303
105.756	-30.8886
105.762	-31.1468
105.769	-31.4049
105.776	-31.6626
105.783	-31.9196
105.789	-32.1759
105.796	-32.4312
105.803	-32.6853
105.809	-32.9381
105.816	-33.1895
105.823	-33.4392
105.83	-33.6872
105.836	-33.9332
105.843	-34.1771
105.85	-34.4187
105.857	-34.6579
105.863	-34.8945
105.87	-35.1283
105.877	-35.3591
105.883	-35.5868
105.89	-35.8113
105.897	-36.0322
105.904	-36.2494
105.91	-36.4628
105.917	-36.6722
105.924	-36.8773
105.931	-37.0781
105.943	-37.4355
105.955	-37.7767
105.968	-38.1009
105.98	-38.4074
105.992	-38.6958
106.005	-38.9659
106.017	-39.2178
106.03	-39.4518
106.042	-39.6683
106.054	-39.8679
106.067	-40.0515
106.079	-40.22
106.092	-40.3743
106.104	-40.5154
106.116	-40.6446
106.129	-40.7627
106.141	-40.871
106.153	-40.9705
106.166	-41.0622
106.178	-41.147
106.191	-41.226
106.203	-41.2999
106.215	-41.3695
106.228	-41.4355
106.24	-41.4986
106.252	-41.5593
106.265	-41.6181
106.277	-41.6756
106.29	-41.732
106.302	-41.7877
106.314	-41.843
106.327	-41.8982
106.339	-41.9534
106.352	-42.0089
106.364	-42.0647
106.376	-42.1211
106.389	-42.1781
106.401	-42.2358
106.413	-42.2942
106.426	-42.3535
106.438	-42.4135
106.451	-42.4744
106.463	-42.5362
106.475	-42.5988
106.488	-42.6623
106.5	-42.7266
106.513	-42.7918
106.525	-42.8577
106.537	-42.9244
106.556	-43.0263
106.575	-43.1298
106.593	-43.2348
106.612	-43.3412
106.63	-43.4489
106.649	-43.5579
106.668	-43.6679
106.686	-43.7789
106.705	-43.8908
106.724	-44.0034
106.742	-44.1167
106.761	-44.2305
106.78	-44.3447
106.798	-44.4594
106.817	-44.5743
106.836	-44.6895
106.854	-44.8049
106.873	-44.9203
106.891	-45.0359
106.91	-45.1515
106.929	-45.2672
106.947	-45.3828
106.966	-45.4984
106.978	-45.5749
106.986	-45.624
106.994	-45.6731
107.002	-45.7221
107.01	-45.7711
107.018	-45.8202
107.026	-45.8692
107.034	-45.9181
107.046	-45.9929
107.058	-46.0677
107.07	-46.1423
107.082	-46.217
107.094	-46.2916
107.113	-46.4061
107.132	-46.5204
107.15	-46.6347
107.169	-46.7488
107.178	-46.8089
107.188	-46.8689
107.198	-46.929
107.208	-46.9889
107.218	-47.0489
107.227	-47.1088
107.237	-47.1687
107.247	-47.2285
107.257	-47.2883
107.267	-47.3481
107.276	-47.4078
107.286	-47.4675
107.296	-47.5271
107.312	-47.6265
107.329	-47.7257
107.345	-47.8248
107.361	-47.9237
107.378	-48.0225
107.394	-48.1212
107.41	-48.2197
107.427	-48.3181
107.443	-48.4163
107.47	-48.576
107.496	-48.7353
107.523	-48.894
107.55	-49.0522
107.576	-49.2098
107.603	-49.3669
107.645	-49.6135
107.687	-49.8585
107.729	-50.1018
107.771	-50.3434
107.863	-50.8636
107.954	-51.3748
108.046	-51.8769
108.138	-52.3697
108.229	-52.8531
108.321	-53.3273
108.469	-54.0717
108.617	-54.7923
108.764	-55.4894
108.989	-56.5049
109.214	-57.4676
109.438	-58.379
109.663	-59.241
110.009	-60.4746
110.354	-61.6013
110.7	-62.6281
111.256	-64.0892
111.813	-65.3395
112.369	-66.4058
112.925	-67.3136
113.482	-68.0856
114.038	-68.7433
114.594	-69.3023
115.151	-69.7775
115.707	-70.1847
116.264	-70.5334
116.82	-70.831
117.376	-71.0866
117.933	-71.3069
118.489	-71.4971
119.045	-71.6622
119.602	-71.806
120.158	-71.9318
120.714	-72.0422
121.271	-72.1396
121.827	-72.2258
122.384	-72.3025
122.94	-72.371
123.496	-72.4325
124.053	-72.4878
124.609	-72.5378
125.165	-72.5833
125.722	-72.6248
126.278	-72.6627
126.835	-72.6975
127.391	-72.7295
127.762	-72.7496
128.134	-72.7686
128.505	-72.7867
128.876	-72.8039
129.248	-72.8205
129.619	-72.8363
129.99	-72.8514
130.361	-72.8659
130.733	-72.8798
131.104	-72.8931
131.475	-72.9059
131.847	-72.9183
132.218	-72.9301
132.589	-72.9416
132.961	-72.9526
133.332	-72.9633
133.703	-72.9736
134.075	-72.9836
134.446	-72.9933
134.817	-73.0026
135.189	-73.0117
135.56	-73.0204
135.931	-73.029
136.303	-73.0373
136.674	-73.0454
137.282	-73.0581
137.89	-73.0704
138.497	-73.0821
139.105	-73.0934
139.713	-73.1043
140.321	-73.1149
140.929	-73.125
141.537	-73.1348
142.145	-73.1443
142.753	-73.1534
143.36	-73.1623
143.968	-73.1709
144.576	-73.1792
145.184	-73.1874
145.792	-73.1953
146.4	-73.2031
147.008	-73.2106
147.615	-73.2179
148.223	-73.225
148.831	-73.2319
149.439	-73.2387
150.047	-73.2453
150.655	-73.2519
151.263	-73.2582
151.87	-73.2644
152.478	-73.2705
153.086	-73.2765
153.694	-73.2823
154.302	-73.288
154.91	-73.2935
155.518	-73.299
156.125	-73.3044
156.733	-73.3097
157.341	-73.3149
157.949	-73.32
158.557	-73.325
159.165	-73.3299
159.773	-73.3348
160.38	-73.3395
160.988	-73.3441
161.596	-73.3486
162.204	-73.3531
162.812	-73.3574
163.42	-73.3617
164.028	-73.3659
164.635	-73.3701
165.243	-73.3741
165.851	-73.3781
166.459	-73.382
167.067	-73.3859
167.675	-73.3897
168.283	-73.3934
168.89	-73.3971
169.498	-73.4007
170.106	-73.4042
170.714	-73.4077
171.322	-73.4112
171.93	-73.4146
172.538	-73.4179
173.145	-73.4212
173.753	-73.4245
174.361	-73.4277
174.969	-73.4308
175.577	-73.4338
176.185	-73.4368
176.793	-73.4398
177.4	-73.4427
178.008	-73.4456
178.616	-73.4484
179.224	-73.4512
179.832	-73.4539
180.44	-73.4566
181.048	-73.4592
181.655	-73.4618
182.263	-73.4644
182.871	-73.4669
183.479	-73.4694
184.087	-73.4718
184.695	-73.4742
185.303	-73.4765
185.91	-73.4788
186.518	-73.481
187.126	-73.4833
187.734	-73.4854
188.342	-73.4876
188.95	-73.4897
189.558	-73.4918
190.165	-73.4939
190.773	-73.4959
191.381	-73.4979
191.989	-73.4998
192.597	-73.5017
193.205	-73.5036
193.813	-73.5055
194.42	-73.5073
195.028	-73.5091
195.636	-73.5109
196.244	-73.5126
196.852	-73.5144
197.46	-73.5161
198.068	-73.5177
198.675	-73.5193
199.283	-73.5209
199.891	-73.5224
200.499	-73.5239
201.107	-73.5255
201.715	-73.527
202.323	-73.5284
202.93	-73.5299
203.538	-73.5313
204.146	-73.5327
204.754	-73.5341
205.362	-73.5355
205.97	-73.5368
206.578	-73.5381
207.186	-73.5394
207.793	-73.5407
208.401	-73.542
209.009	-73.5432
209.617	-73.5444
210.225	-73.5456
210.833	-73.5468
211.441	-73.5479
212.048	-73.549
212.656	-73.5501
213.264	-73.5512
213.872	-73.5523
214.48	-73.5533
215.088	-73.5544
215.696	-73.5554
216.303	-73.5564
216.911	-73.5574
217.519	-73.5584
218.127	-73.5594
218.735	-73.5603
219.343	-73.5613
219.951	-73.5622
220.558	-73.5631
221.166	-73.564
221.774	-73.5648
222.382	-73.5657
222.99	-73.5666
223.598	-73.5674
224.206	-73.5682
224.813	-73.569
225.421	-73.5697
226.029	-73.5704
226.637	-73.5712
227.245	-73.5719
227.853	-73.5726
228.461	-73.5733
229.068	-73.574
229.676	-73.5746
230.284	-73.5753
230.892	-73.576
231.5	-73.5767
232.108	-73.5773
232.716	-73.578
233.323	-73.5787
233.931	-73.5793
234.539	-73.58
235.147	-73.5806
235.755	-73.5812
236.363	-73.5818
236.971	-73.5824
237.578	-73.5829
238.186	-73.5835
238.794	-73.5841
239.402	-73.5846
240.01	-73.5852
240.618	-73.5857
241.226	-73.5862
241.833	-73.5867
242.441	-73.5872
243.049	-73.5877
243.657	-73.5882
244.265	-73.5887
244.873	-73.5892
245.481	-73.5897
246.088	-73.5901
246.696	-73.5906
247.304	-73.591
247.912	-73.5914
248.52	-73.5919
249.128	-73.5923
249.736	-73.5926
250.343	-73.593
250.951	-73.5933
251.559	-73.5937
252.167	-73.594
252.775	-73.5944
253.383	-73.5947
253.991	-73.5951
254.598	-73.5954
255.206	-73.5957
255.814	-73.5961
256.422	-73.5965
257.03	-73.5968
257.638	-73.5972
258.246	-73.5975
258.853	-73.5979
259.461	-73.5982
260.069	-73.5985
260.677	-73.5988
261.285	-73.5991
261.893	-73.5994
262.501	-73.5998
263.108	-73.6
263.716	-73.6003
264.324	-73.6006
264.932	-73.6009
265.54	-73.6012
266.148	-73.6014
266.756	-73.6017
267.363	-73.602
267.971	-73.6022
268.579	-73.6025
269.187	-73.6027
269.795	-73.603
270.403	-73.6032
271.011	-73.6035
271.618	-73.6037
272.226	-73.6039
272.834	-73.6042
273.442	-73.6043
274.05	-73.6045
274.658	-73.6047
275.266	-73.6048
275.873	-73.605
276.481	-73.6052
277.089	-73.6053
277.697	-73.6055
278.305	-73.6056
278.913	-73.6058
279.521	-73.606
280.128	-73.6062
280.736	-73.6064
281.344	-73.6066
281.952	-73.6068
282.56	-73.607
283.168	-73.6072
283.776	-73.6074
284.383	-73.6075
284.991	-73.6077
285.599	-73.6078
286.207	-73.608
286.815	-73.6082
287.423	-73.6083
288.031	-73.6085
288.639	-73.6086
289.246	-73.6088
289.854	-73.6089
290.462	-73.6091
291.07	-73.6092
291.678	-73.6094
292.286	-73.6095
292.894	-73.6096
293.501	-73.6098
294.109	-73.6099
294.717	-73.61
295.325	-73.6101
295.933	-73.6102
296.541	-73.6103
297.149	-73.6104
297.756	-73.6105
298.364	-73.6106
298.972	-73.6107
299.58	-73.6109
300	-73.6109
300	-73.6109
