 23  22  19  9  8  0.01  0.048  1000 
 23  19  18  17  14  0.01  0.048  1000 
 23  19  18  17  9  0.01  0.048  1000 
 23  19  18  14  8  0.01  0.048  1000 
 23  19  18  17  8  0.01  0.048  1000 
 23  19  18  14  5  0.01  0.048  1000 
 23  19  18  8  0  0.01  0.048  1000 
 23  19  17  14  5  0.01  0.048  1000 
 23  19  17  14  9  0.01  0.048  1000 
 26  22  19  18  14  0.02  0.096  1000 
 26  22  19  18  9  0.02  0.096  1000 
 26  22  19  18  0  0.02  0.096  1000 
 26  22  19  18  17  0.02  0.096  1000 
 26  22  18  14  5  0.02  0.096  1000 
 26  22  18  14  0  0.02  0.096  1000 
 26  22  17  14  5  0.02  0.096  1000 
 26  22  9  5  0  0.02  0.096  1000 
 26  19  17  14  0  0.02  0.096  1000 
 26  19  9  8  5  0.02  0.096  1000 
 26  18  14  9  0  0.02  0.096  1000 
 26  23  22  18  14  0.0256  0.12288  1000 
 26  23  22  19  17  0.0256  0.12288  1000 
 26  23  22  19  9  0.0256  0.12288  1000 
 26  23  22  17  14  0.0256  0.12288  1000 
 26  23  22  8  0  0.0256  0.12288  1000 
 26  23  22  14  8  0.0256  0.12288  1000 
 26  23  22  9  8  0.0256  0.12288  1000 
 26  23  19  18  5  0.0256  0.12288  1000 
 26  23  19  17  8  0.0256  0.12288  1000 
 26  23  22  5  0  0.0256  0.12288  1000 
 26  23  19  18  8  0.0256  0.12288  1000 
 26  23  19  18  9  0.0256  0.12288  1000 
 26  23  19  17  0  0.0256  0.12288  1000 
 26  23  19  17  9  0.0256  0.12288  1000 
 26  23  19  18  0  0.0256  0.12288  1000 
 26  23  18  14  5  0.0256  0.12288  1000 
 26  23  18  14  8  0.0256  0.12288  1000 
 23  22  19  9  0  0.01  0.048  110652 
 23  22  19  17  14  0.01  0.048  110652 
 23  22  19  18  5  0.01  0.048  110652 
 23  22  19  14  9  0.01  0.048  110652 
 23  22  19  14  8  0.01  0.048  110652 
 23  19  18  17  9  0.01  0.048  110652 
 23  19  18  17  14  0.01  0.048  110652 
 23  19  18  14  5  0.01  0.048  110652 
 23  19  18  17  8  0.01  0.048  110652 
 23  19  18  14  8  0.01  0.048  110652 
 23  19  18  14  9  0.01  0.048  110652 
 23  19  18  8  0  0.01  0.048  110652 
 23  19  18  14  0  0.01  0.048  110652 
 23  19  17  14  8  0.01  0.048  110652 
 23  19  18  8  5  0.01  0.048  110652 
 23  19  18  5  0  0.01  0.048  110652 
 23  19  17  9  5  0.01  0.048  110652 
 26  22  18  17  5  0.02  0.096  110652 
 26  19  17  14  8  0.02  0.096  110652 
 26  19  17  9  0  0.02  0.096  110652 
 26  19  17  9  8  0.02  0.096  110652 
 26  19  17  9  5  0.02  0.096  110652 
 26  19  18  5  0  0.02  0.096  110652 
 26  19  17  8  5  0.02  0.096  110652 
 26  19  17  14  5  0.02  0.096  110652 
 26  19  14  8  0  0.02  0.096  110652 
 26  23  22  18  17  0.0256  0.12288  110652 
 26  23  22  19  8  0.0256  0.12288  110652 
 26  23  22  19  14  0.0256  0.12288  110652 
 26  23  22  18  5  0.0256  0.12288  110652 
 26  23  22  14  0  0.0256  0.12288  110652 
 26  23  19  18  14  0.0256  0.12288  110652 
 26  23  22  17  14  0.0256  0.12288  110652 
 26  23  22  14  5  0.0256  0.12288  110652 
 26  23  19  18  0  0.0256  0.12288  110652 
 26  23  18  17  14  0.0256  0.12288  110652 
 26  23  18  14  9  0.0256  0.12288  110652 
 26  23  17  9  0  0.0256  0.12288  110652 
 23  22  19  18  5  0.01  0.048  12345 
 23  22  19  18  8  0.01  0.048  12345 
 23  19  18  9  0  0.01  0.048  12345 
 23  19  18  17  9  0.01  0.048  12345 
 23  19  18  17  8  0.01  0.048  12345 
 23  19  18  17  5  0.01  0.048  12345 
 23  19  18  14  8  0.01  0.048  12345 
 23  19  17  14  9  0.01  0.048  12345 
 23  19  18  5  0  0.01  0.048  12345 
 23  19  17  8  0  0.01  0.048  12345 
 23  19  17  5  0  0.01  0.048  12345 
 23  19  17  9  8  0.01  0.048  12345 
 26  23  22  18  5  0.02  0.096  12345 
 26  22  19  18  9  0.02  0.096  12345 
 26  22  19  14  8  0.02  0.096  12345 
 26  22  19  5  0  0.02  0.096  12345 
 26  22  18  14  8  0.02  0.096  12345 
 26  22  18  5  0  0.02  0.096  12345 
 26  22  17  8  5  0.02  0.096  12345 
 26  19  14  5  0  0.02  0.096  12345 
 26  19  14  9  5  0.02  0.096  12345 
 26  14  9  8  5  0.02  0.096  12345 
 26  23  22  19  8  0.0256  0.12288  12345 
 26  23  22  19  5  0.0256  0.12288  12345 
 26  23  22  17  5  0.0256  0.12288  12345 
 26  23  19  18  8  0.0256  0.12288  12345 
 26  23  18  14  0  0.0256  0.12288  12345 
 26  23  19  17  9  0.0256  0.12288  12345 
 26  23  14  8  5  0.0256  0.12288  12345 
 23  22  19  18  8  0.01  0.048  234567 
 23  22  19  17  8  0.01  0.048  234567 
 23  22  19  17  14  0.01  0.048  234567 
 23  22  19  14  9  0.01  0.048  234567 
 23  22  19  14  0  0.01  0.048  234567 
 23  19  18  17  9  0.01  0.048  234567 
 23  19  18  14  8  0.01  0.048  234567 
 23  19  18  14  5  0.01  0.048  234567 
 23  19  18  9  8  0.01  0.048  234567 
 23  19  18  9  0  0.01  0.048  234567 
 23  19  18  8  5  0.01  0.048  234567 
 23  19  17  5  0  0.01  0.048  234567 
 26  22  19  18  9  0.02  0.096  234567 
 26  22  18  14  5  0.02  0.096  234567 
 26  22  18  8  5  0.02  0.096  234567 
 26  19  18  9  5  0.02  0.096  234567 
 26  19  17  9  8  0.02  0.096  234567 
 26  18  14  9  8  0.02  0.096  234567 
 26  18  9  8  5  0.02  0.096  234567 
 26  23  22  18  5  0.0256  0.12288  234567 
 26  23  22  19  0  0.0256  0.12288  234567 
 26  23  19  17  8  0.0256  0.12288  234567 
 26  23  19  14  9  0.0256  0.12288  234567 
 26  23  18  5  0  0.0256  0.12288  234567 
 26  23  17  14  8  0.0256  0.12288  234567 
 26  23  17  9  5  0.0256  0.12288  234567 
 26  23  17  14  5  0.0256  0.12288  234567 
 23  22  19  18  5  0.01  0.048  432597 
 23  22  19  17  9  0.01  0.048  432597 
 23  22  19  9  8  0.01  0.048  432597 
 23  22  19  14  5  0.01  0.048  432597 
 23  22  19  18  9  0.01  0.048  432597 
 23  19  18  17  14  0.01  0.048  432597 
 23  19  18  17  9  0.01  0.048  432597 
 23  19  18  17  5  0.01  0.048  432597 
 23  19  18  17  8  0.01  0.048  432597 
 23  19  18  14  9  0.01  0.048  432597 
 23  19  18  14  0  0.01  0.048  432597 
 23  19  18  9  5  0.01  0.048  432597 
 23  19  18  8  5  0.01  0.048  432597 
 23  19  17  14  8  0.01  0.048  432597 
 23  19  17  14  5  0.01  0.048  432597 
 26  22  14  8  5  0.016  0.0768  432597 
 26  22  19  14  8  0.02  0.096  432597 
 26  22  19  5  0  0.02  0.096  432597 
 26  22  19  9  0  0.02  0.096  432597 
 26  22  18  9  0  0.02  0.096  432597 
 26  22  18  5  0  0.02  0.096  432597 
 26  18  17  9  5  0.02  0.096  432597 
 26  23  22  18  8  0.0256  0.12288  432597 
 26  23  22  18  17  0.0256  0.12288  432597 
 26  23  22  19  18  0.0256  0.12288  432597 
 26  23  22  14  8  0.0256  0.12288  432597 
 26  23  22  14  5  0.0256  0.12288  432597 
 26  23  22  17  0  0.0256  0.12288  432597 
 26  23  22  19  5  0.0256  0.12288  432597 
 26  23  19  18  9  0.0256  0.12288  432597 
 26  23  22  19  0  0.0256  0.12288  432597 
 26  23  19  18  8  0.0256  0.12288  432597 
 26  23  19  14  5  0.0256  0.12288  432597 
 26  23  19  14  0  0.0256  0.12288  432597 
 26  23  19  9  8  0.0256  0.12288  432597 
 26  23  19  14  8  0.0256  0.12288  432597 
 26  23  19  8  5  0.0256  0.12288  432597 
 26  23  19  9  0  0.0256  0.12288  432597 
 26  23  18  14  0  0.0256  0.12288  432597 
 26  23  18  17  14  0.0256  0.12288  432597 
 26  23  18  14  8  0.0256  0.12288  432597 
 26  23  18  9  8  0.0256  0.12288  432597 
 23  22  19  18  14  0.01  0.048  65000 
 23  22  19  17  8  0.01  0.048  65000 
 23  22  19  14  8  0.01  0.048  65000 
 23  22  19  17  0  0.01  0.048  65000 
 23  22  19  14  5  0.01  0.048  65000 
 23  22  19  17  5  0.01  0.048  65000 
 23  22  19  18  9  0.01  0.048  65000 
 23  19  18  17  5  0.01  0.048  65000 
 23  19  18  17  8  0.01  0.048  65000 
 23  19  18  14  8  0.01  0.048  65000 
 23  19  18  14  9  0.01  0.048  65000 
 23  19  18  9  0  0.01  0.048  65000 
 23  19  18  8  0  0.01  0.048  65000 
 23  19  17  14  9  0.01  0.048  65000 
 26  22  19  9  5  0.02  0.096  65000 
 26  22  18  17  8  0.02  0.096  65000 
 26  22  18  17  5  0.02  0.096  65000 
 26  18  17  14  5  0.02  0.096  65000 
 26  19  8  5  0  0.02  0.096  65000 
 26  23  22  19  5  0.0256  0.12288  65000 
 26  23  22  19  14  0.0256  0.12288  65000 
 26  23  22  9  5  0.0256  0.12288  65000 
 26  23  22  17  9  0.0256  0.12288  65000 
 26  23  22  17  5  0.0256  0.12288  65000 
 26  23  19  18  5  0.0256  0.12288  65000 
 26  23  19  18  9  0.0256  0.12288  65000 
 26  23  22  14  9  0.0256  0.12288  65000 
 26  23  22  17  0  0.0256  0.12288  65000 
 26  23  22  9  8  0.0256  0.12288  65000 
 26  23  22  8  0  0.0256  0.12288  65000 
 26  23  22  5  0  0.0256  0.12288  65000 
 26  23  19  18  8  0.0256  0.12288  65000 
 26  23  19  17  14  0.0256  0.12288  65000 
 26  23  19  17  0  0.0256  0.12288  65000 
 26  23  19  9  8  0.0256  0.12288  65000 
 26  23  19  8  0  0.0256  0.12288  65000 
 23  22  19  14  5  0.01  0.048  654321 
 23  22  19  9  0  0.01  0.048  654321 
 23  19  18  8  5  0.01  0.048  654321 
 23  19  18  17  14  0.01  0.048  654321 
 23  19  18  14  9  0.01  0.048  654321 
 23  19  17  8  5  0.01  0.048  654321 
 23  19  17  9  0  0.01  0.048  654321 
 23  19  17  14  9  0.01  0.048  654321 
 23  19  14  9  8  0.01  0.048  654321 
 26  23  22  8  0  0.02  0.096  654321 
 26  22  19  18  5  0.02  0.096  654321 
 26  22  18  17  14  0.02  0.096  654321 
 26  22  17  8  0  0.02  0.096  654321 
 26  17  9  8  5  0.02  0.096  654321 
 26  23  22  19  14  0.0256  0.12288  654321 
 26  23  22  18  5  0.0256  0.12288  654321 
 26  23  19  9  5  0.0256  0.12288  654321 
 26  23  18  14  9  0.0256  0.12288  654321 
 26  23  18  17  9  0.0256  0.12288  654321 
 26  23  18  14  0  0.0256  0.12288  654321 
 26  23  17  8  0  0.0256  0.12288  654321 
 23  22  19  18  8  0.01  0.048  98525 
 23  22  19  17  8  0.01  0.048  98525 
 23  22  19  17  0  0.01  0.048  98525 
 23  22  19  18  5  0.01  0.048  98525 
 23  22  19  18  9  0.01  0.048  98525 
 23  22  19  14  8  0.01  0.048  98525 
 23  22  19  14  9  0.01  0.048  98525 
 23  19  18  17  14  0.01  0.048  98525 
 23  19  18  14  0  0.01  0.048  98525 
 23  19  18  17  9  0.01  0.048  98525 
 23  19  18  14  9  0.01  0.048  98525 
 23  19  18  14  5  0.01  0.048  98525 
 23  19  17  14  0  0.01  0.048  98525 
 26  22  14  8  0  0.016  0.0768  98525 
 26  22  19  17  5  0.02  0.096  98525 
 26  22  19  18  9  0.02  0.096  98525 
 26  22  19  18  8  0.02  0.096  98525 
 26  22  19  17  14  0.02  0.096  98525 
 26  19  18  14  5  0.02  0.096  98525 
 26  19  18  17  0  0.02  0.096  98525 
 26  19  18  17  5  0.02  0.096  98525 
 26  19  17  9  8  0.02  0.096  98525 
 26  19  17  14  9  0.02  0.096  98525 
 26  23  22  17  14  0.0256  0.12288  98525 
 26  23  22  18  17  0.0256  0.12288  98525 
 26  23  22  9  0  0.0256  0.12288  98525 
 26  23  19  18  14  0.0256  0.12288  98525 
 26  23  22  14  0  0.0256  0.12288  98525 
 26  23  19  17  14  0.0256  0.12288  98525 
 26  23  22  5  0  0.0256  0.12288  98525 
 26  23  19  17  8  0.0256  0.12288  98525 
 26  23  19  17  5  0.0256  0.12288  98525 
 26  23  18  17  5  0.0256  0.12288  98525 
 26  23  14  9  8  0.0256  0.12288  98525 
 23  22  19  17  14  0.01  0.048  0 
 23  19  18  17  9  0.01  0.048  0 
 23  19  18  17  14  0.01  0.048  0 
 23  19  18  17  8  0.01  0.048  0 
 23  19  18  17  0  0.01  0.048  0 
 23  19  18  14  9  0.01  0.048  0 
 23  19  18  14  5  0.01  0.048  0 
 23  19  18  14  0  0.01  0.048  0 
 23  19  17  14  0  0.01  0.048  0 
 23  19  17  14  9  0.01  0.048  0 
 23  19  17  9  0  0.01  0.048  0 
 23  19  17  14  5  0.01  0.048  0 
 23  19  17  9  5  0.01  0.048  0 
 26  18  17  14  5  0.016  0.0768  0 
 26  22  19  17  0  0.02  0.096  0 
 26  22  19  17  8  0.02  0.096  0 
 26  22  19  8  0  0.02  0.096  0 
 26  22  19  5  0  0.02  0.096  0 
 26  22  18  14  5  0.02  0.096  0 
 26  22  19  9  5  0.02  0.096  0 
 26  19  17  14  8  0.02  0.096  0 
 26  19  18  5  0  0.02  0.096  0 
 26  19  14  8  5  0.02  0.096  0 
 26  23  22  18  14  0.0256  0.12288  0 
 26  23  22  19  5  0.0256  0.12288  0 
 26  23  22  19  9  0.0256  0.12288  0 
 26  23  22  14  9  0.0256  0.12288  0 
 26  23  19  18  9  0.0256  0.12288  0 
 26  23  22  17  8  0.0256  0.12288  0 
 26  23  22  9  0  0.0256  0.12288  0 
 26  23  22  8  0  0.0256  0.12288  0 
 26  23  19  18  17  0.0256  0.12288  0 
 26  23  19  14  5  0.0256  0.12288  0 
 26  23  19  17  0  0.0256  0.12288  0 
 26  23  19  18  0  0.0256  0.12288  0 
 26  23  19  14  8  0.0256  0.12288  0 
 26  23  19  9  8  0.0256  0.12288  0 
 26  23  19  9  5  0.0256  0.12288  0 
 23  22  19  17  8  0.01  0.048  1 
 23  22  19  17  14  0.01  0.048  1 
 23  22  19  14  0  0.01  0.048  1 
 23  22  19  18  9  0.01  0.048  1 
 23  19  18  17  9  0.01  0.048  1 
 23  19  18  17  8  0.01  0.048  1 
 23  19  18  14  9  0.01  0.048  1 
 23  19  18  17  14  0.01  0.048  1 
 23  19  18  17  0  0.01  0.048  1 
 23  19  18  17  5  0.01  0.048  1 
 23  19  18  14  0  0.01  0.048  1 
 23  19  18  9  5  0.01  0.048  1 
 23  19  18  14  5  0.01  0.048  1 
 23  19  18  9  8  0.01  0.048  1 
 23  19  18  9  0  0.01  0.048  1 
 26  22  18  17  9  0.02  0.096  1 
 26  22  19  8  5  0.02  0.096  1 
 26  22  19  8  0  0.02  0.096  1 
 26  19  18  17  0  0.02  0.096  1 
 26  19  18  5  0  0.02  0.096  1 
 26  19  17  9  5  0.02  0.096  1 
 26  19  17  9  8  0.02  0.096  1 
 26  19  17  14  0  0.02  0.096  1 
 26  23  22  18  17  0.0256  0.12288  1 
 26  23  22  19  17  0.0256  0.12288  1 
 26  23  22  19  14  0.0256  0.12288  1 
 26  23  22  18  5  0.0256  0.12288  1 
 26  23  22  19  5  0.0256  0.12288  1 
 26  23  22  19  9  0.0256  0.12288  1 
 26  23  22  14  5  0.0256  0.12288  1 
 26  23  22  5  0  0.0256  0.12288  1 
 26  23  19  18  0  0.0256  0.12288  1 
 26  23  19  17  9  0.0256  0.12288  1 
 26  23  19  18  17  0.0256  0.12288  1 
 26  23  19  18  14  0.0256  0.12288  1 
